20 20
0 0 0 190 0 0 209 0 166 0 0 0 0 0 0 199 0 0 0 0 
0 0 0 0 0 0 159 0 0 0 0 0 0 0 0 0 0 0 0 0 
0 220 195 0 0 0 0 222 0 0 0 0 177 184 0 0 213 216 220 176 
0 0 209 0 154 0 0 0 0 0 0 203 0 232 0 218 0 0 0 0 
0 0 0 214 0 0 0 0 0 0 0 0 0 240 0 0 188 0 0 0 
0 0 0 0 0 165 213 0 0 0 0 249 0 0 0 0 199 0 241 0 
0 186 0 0 0 0 0 0 0 0 0 161 220 0 171 0 0 0 0 0 
0 0 0 0 0 0 0 0 0 0 0 206 231 0 0 209 0 0 0 0 
0 0 152 0 0 0 0 0 0 0 152 160 0 0 225 0 173 0 0 177 
0 0 0 222 0 171 0 0 184 0 0 0 184 0 194 240 225 179 0 0 
0 0 0 193 206 0 0 186 181 0 0 0 0 0 0 0 199 0 241 0 
0 0 0 0 0 0 0 228 0 185 0 0 0 0 0 0 0 0 0 0 
158 222 0 0 0 178 221 192 0 0 0 0 0 212 232 237 204 0 190 0 
0 232 0 241 211 163 0 0 0 207 0 0 0 231 170 0 158 205 0 197 
0 0 0 0 0 0 0 0 0 0 0 0 189 0 0 0 242 0 0 166 
0 0 151 200 0 0 0 164 0 0 0 196 0 0 0 0 0 174 0 0 
0 0 0 0 0 0 150 0 0 187 0 0 0 0 0 0 189 0 0 0 
0 233 218 0 0 162 0 0 0 0 0 160 0 0 0 0 0 0 159 0 
0 0 0 0 170 0 153 0 0 0 0 0 0 0 156 168 0 0 0 247 
0 0 0 0 0 0 0 191 0 0 0 0 0 173 0 0 173 0 0 0 
